colour position box subregion region continent neighbours
#97DBF2 0 0 0 0 538 346 #97DBF2 #97DBF2 #97DBF2 
#EE8DF1 337 0 335 0 28 11 #1E6FDE #1E6FDE #FABD00 2 13 14
#1E6FDE 364 0 361 0 59 18 #1E6FDE #1E6FDE #FABD00 1 3 11 13 15
#1E6FDE 415 0 415 0 33 22 #1E6FDE #1E6FDE #FABD00 2 4 15 18 22
#1E6FDE 438 0 438 0 41 16 #1E6FDE #1E6FDE #FABD00 3 5 6 18
#1E6FDE 471 0 471 0 13 3 #1E6FDE #1E6FDE #FABD00 4 6
#1E6FDE 485 0 468 0 53 23 #1E6FDE #1E6FDE #FABD00 4 5 7 18
#1E6FDE 518 0 518 0 18 12 #1E6FDE #1E6FDE #FABD00 6 8
#1E6FDE 537 0 525 0 13 17 #1E6FDE #1E6FDE #FABD00 7
#C59C3E 118 4 75 4 50 45 #FF8411 #FABD00 #FABD00 10 31
#C59C3E 126 4 116 4 38 52 #FF8411 #FABD00 #FABD00 9 16 26 31 37
#1E6FDE 381 7 372 7 30 36 #1E6FDE #1E6FDE #FABD00 2 13 15 28
#FF8411 187 8 186 8 45 24 #FF8411 #FABD00 #FABD00 16 17 23 26 27
#1E6FDE 367 8 341 8 41 31 #1E6FDE #1E6FDE #FABD00 1 2 11 14 20 28
#EE8DF1 355 9 327 9 30 18 #1E6FDE #1E6FDE #FABD00 1 13 20
#1E6FDE 421 9 398 9 36 34 #1E6FDE #1E6FDE #FABD00 2 3 11 22 28 32
#FF8411 174 10 144 10 57 25 #FF8411 #FABD00 #FABD00 10 12 26
#B834BC 263 13 221 13 54 27 #FF8411 #FABD00 #FABD00 12 19 23 24 25 27
#1E6FDE 444 14 440 14 48 32 #1E6FDE #1E6FDE #FABD00 3 4 6 22 30
#B8C682 285 16 268 16 33 14 #FF8411 #FABD00 #FABD00 17 21 24 25
#6A6AB2 325 18 308 18 48 28 #6A6AB2 #6A6AB2 #FABD00 13 14 21 25 28 29 33
#1E1699 321 19 299 19 23 15 #6A6AB2 #6A6AB2 #FABD00 19 20 25
#1E6FDE 427 19 410 19 42 29 #1E6FDE #1E6FDE #FABD00 3 15 18 30 32 35
#9D4CD2 219 22 187 22 36 52 #FF8411 #FABD00 #FABD00 12 17 26 27 40 42 46
#D2A54C 274 24 238 24 47 44 #FABD00 #FABD00 #FABD00 17 19 25 27 34 36
#6A6AB2 282 24 274 24 33 27 #6A6AB2 #6A6AB2 #FABD00 17 19 20 21 24 29 36
#9D4CD2 180 29 147 29 49 37 #FF8411 #FABD00 #FABD00 10 12 16 23 37 42
#D2A54C 232 30 217 30 33 50 #FABD00 #FABD00 #FABD00 12 17 23 24 34 40
#6A6AB2 357 33 352 33 55 45 #6A6AB2 #6A6AB2 #FABD00 11 13 15 20 32 33 39 43
#6A6AB2 316 36 300 36 43 38 #6A6AB2 #6A6AB2 #FABD00 20 25 33 36 44 47
#B22929 476 37 442 37 41 20 #6A6AB2 #6A6AB2 #FABD00 18 22 32 35 38
#C59C3E 109 38 87 38 32 37 #FF8411 #FABD00 #FABD00 9 10 37 45
#B22929 405 38 405 38 38 32 #6A6AB2 #6A6AB2 #FABD00 15 22 28 30 35 38 41 43
#6A6AB2 351 43 336 43 58 67 #6A6AB2 #6A6AB2 #FABD00 20 28 29 39 43 47 52 54
#D2A54C 261 45 246 45 38 45 #FABD00 #FABD00 #FABD00 24 27 36 40 44 51
#705412 432 46 430 46 11 9 #6A6AB2 #6A6AB2 #FABD00 22 30 32 38
#B075B2 281 47 279 47 45 27 #FABD00 #FABD00 #FABD00 24 25 29 34 44 47
#C59C3E 116 49 104 49 53 31 #FF8411 #FABD00 #FABD00 10 26 31 42 45 48 49 50
#B22929 439 53 439 53 50 31 #6A6AB2 #6A6AB2 #FABD00 30 32 35 41 43
#6A6AB2 357 55 353 55 49 43 #6A6AB2 #6A6AB2 #FABD00 28 33 43 52 54
#FABD00 212 60 203 60 46 47 #FABD00 #FABD00 #FABD00 23 27 34 46 51 57 59
#B22929 439 61 428 61 47 43 #6A6AB2 #6A6AB2 #FABD00 32 38 43 52
#9D4CD2 156 62 148 62 51 27 #FF8411 #FABD00 #FABD00 23 26 37 46 48
#B22929 434 64 394 64 45 36 #6A6AB2 #6A6AB2 #FABD00 28 32 33 38 39 41 52
#FA0081 290 67 265 67 57 41 #FABD00 #FABD00 #FABD00 29 34 36 47 51 55 61
#299E54 107 68 88 68 25 20 #299E54 #299E54 #FABD00 31 37 50
#FABD00 203 72 169 72 37 32 #FABD00 #FABD00 #FABD00 23 40 42 48 56 57
#FA0081 320 72 310 72 57 41 #FABD00 #FABD00 #FABD00 29 33 36 44 54 61 63
#299E54 144 74 136 74 39 38 #299E54 #299E54 #FABD00 37 42 46 49 56 57 58 62
#299E54 125 77 114 77 29 30 #299E54 #299E54 #FABD00 37 48 50 53 58 62
#299E54 110 80 91 80 30 19 #299E54 #299E54 #FABD00 37 45 49 53
#FABD00 250 89 225 89 49 38 #FABD00 #FABD00 #FABD00 34 40 44 55 59 60 66
#B22929 424 89 388 89 47 41 #6A6AB2 #6A6AB2 #FABD00 33 39 41 43 54 65 78
#299E54 91 95 91 95 28 17 #299E54 #299E54 #FABD00 49 50 58 64
#ECE465 363 98 341 98 50 49 #ECE465 #0D0117 #FABD00 33 39 47 52 63 65
#9D7E1E 286 99 265 99 34 45 #0D0117 #0D0117 #FABD00 44 51 60 61 66 67
#FABD00 169 101 153 101 38 40 #FABD00 #FABD00 #FABD00 46 48 57 62 68
#FABD00 194 102 167 102 45 37 #FABD00 #FABD00 #FABD00 40 46 48 56 59 68
#299E54 132 106 105 106 33 33 #299E54 #299E54 #FABD00 48 49 53 62 64 69
#FABD00 215 106 192 106 47 41 #FABD00 #FABD00 #FABD00 40 51 57 60 68 71 72 73
#9D7E1E 262 106 231 106 37 38 #0D0117 #0D0117 #FABD00 51 55 59 66 71 72
#ECE465 314 107 278 107 52 27 #ECE465 #0D0117 #FABD00 44 47 55 63 67
#299E54 139 108 123 108 33 35 #299E54 #299E54 #FABD00 48 49 56 58 68 69 70
#ECE465 337 109 323 109 37 48 #ECE465 #0D0117 #FABD00 47 54 61 65 67 77
#299E54 100 111 91 111 21 30 #299E54 #299E54 #FABD00 53 58 69
#ECE465 376 121 355 121 44 42 #ECE465 #0D0117 #FABD00 52 54 63 77
#9D7E1E 265 122 246 122 33 34 #0D0117 #0D0117 #FABD00 51 55 60 67 71 72 74
#CF1616 307 126 280 126 62 42 #0D0117 #0D0117 #FABD00 55 61 63 66 74 77
#80862C 174 133 133 133 60 54 #36782B #0D0117 #FABD00 56 57 59 62 70 73 80 83 85
#64ADB0 91 134 88 134 36 20 #299E54 #299E54 #FABD00 58 62 64 70 75
#64ADB0 139 137 107 137 46 32 #299E54 #299E54 #FABD00 62 68 69 75 79 80
#AA956C 237 139 203 139 43 37 #0D0117 #0D0117 #FABD00 59 60 66 72 73 81 85
#C18E28 245 142 238 142 46 39 #0D0117 #0D0117 #FABD00 59 60 66 71 74 81 82
#AA956C 194 143 173 143 42 43 #0D0117 #0D0117 #FABD00 59 68 71 83 85
#CF1616 291 147 277 147 54 33 #0D0117 #0D0117 #FABD00 66 67 72 77 82 84
#64ADB0 109 150 72 150 40 32 #299E54 #299E54 #FABD00 69 70 79 86
#37D11C 512 151 512 151 12 7 #168706 #168706 #FABD00 78
#105812 343 153 332 153 46 50 #105812 #105812 #FABD00 63 65 67 74 84 90 92
#37D11C 484 156 463 156 34 23 #168706 #168706 #FABD00 52 76 87
#B06464 99 160 84 160 38 41 #299E54 #299E54 #FABD00 70 75 80 86 88 91
#64ADB0 131 166 106 166 44 34 #299E54 #299E54 #FABD00 68 70 79 83 88
#8251AA 232 169 217 169 40 45 #0D0117 #0D0117 #FABD00 71 72 82 85 93 94
#0D0117 278 171 237 171 57 42 #0D0117 #0D0117 #FABD00 72 74 81 84 89 94
#B8BF5A 148 174 139 174 48 56 #36782B #0D0117 #FABD00 68 73 80 85 88 95 97 98
#105812 331 175 287 175 64 29 #105812 #105812 #FABD00 74 77 82 89 90 92
#AA956C 212 176 177 176 48 51 #0D0117 #0D0117 #FABD00 68 71 73 81 83 93 98
#B06464 74 180 68 180 21 22 #299E54 #299E54 #FABD00 75 79 91
#37D11C 433 188 425 188 10 8 #168706 #168706 #FABD00 78
#B06464 111 191 95 191 46 31 #299E54 #299E54 #FABD00 79 80 83 91 95 96 97
#105812 311 194 291 194 43 34 #105812 #105812 #FABD00 82 84 92 94 99
#105812 379 196 347 196 41 39 #105812 #105812 #FABD00 77 84 92
#B06464 93 199 77 199 34 40 #299E54 #299E54 #FABD00 79 86 88 96
#105812 343 200 305 200 50 53 #105812 #105812 #FABD00 77 84 89 90 99 102
#718C72 214 201 197 201 46 43 #6EA970 #105812 #FABD00 81 85 94 98 100 101 103
#77BC55 289 210 240 210 60 24 #90F35F #105812 #FABD00 81 82 89 93 99 100 101
#B06464 137 214 127 214 23 33 #299E54 #299E54 #FABD00 83 88 96 97 104
#B06464 112 219 90 219 42 37 #299E54 #299E54 #FABD00 88 91 95 97 104
#36782B 152 222 133 222 44 50 #36782B #0D0117 #FABD00 83 88 95 96 98 104 107
#486649 187 224 165 224 40 47 #6EA970 #105812 #FABD00 83 85 93 97 103 107
#90F35F 296 227 256 227 51 38 #90F35F #105812 #FABD00 89 92 94 101 102 105
#90E168 227 228 210 228 37 31 #90F35F #105812 #FABD00 93 94 101 103 105 106
#90E168 278 228 240 228 49 24 #90F35F #105812 #FABD00 93 94 99 100 102 105
#90F35F 306 234 278 234 48 46 #90F35F #105812 #FABD00 92 99 101 105
#6EA970 210 242 176 242 50 31 #6EA970 #105812 #FABD00 93 98 100 106 107
#B06464 131 248 86 248 49 20 #299E54 #299E54 #FABD00 95 96 97
#90F35F 245 253 239 253 43 26 #90F35F #105812 #FABD00 99 100 101 102 106
#6EA970 235 257 196 257 60 37 #6EA970 #105812 #FABD00 100 103 105 107 111
#6EA970 201 266 170 266 42 26 #6EA970 #105812 #FABD00 97 98 103 106 111
#168706 508 274 490 274 45 15 #168706 #168706 #168706 109 110 112 114
#168706 536 275 529 275 9 23 #168706 #168706 #168706 108 112
#168706 480 277 437 277 54 17 #168706 #168706 #168706 108 112 113 114
#6EA970 189 285 178 285 28 20 #6EA970 #105812 #FABD00 106 107 116 119
#168706 498 285 492 285 46 28 #168706 #168706 #168706 108 109 110 114 115 118
#168706 427 288 379 288 57 41 #168706 #168706 #168706 110 114 117 121
#168706 489 289 425 289 76 38 #168706 #168706 #168706 108 110 112 113 115 118 121
#168706 531 306 495 306 43 40 #168706 #168706 #168706 112 114 118
#C8B99B 200 312 189 312 23 24 #168706 #168706 #168706 111 119 120 124 125
#168706 370 312 348 312 62 32 #168706 #168706 #168706 113 121 122 123
#168706 481 314 449 314 55 32 #168706 #168706 #168706 112 114 115 121
#C8B99B 192 315 186 315 9 7 #168706 #168706 #168706 111 116 120
#C8B99B 185 318 181 318 10 15 #168706 #168706 #168706 116 119 125
#168706 427 319 399 319 70 27 #168706 #168706 #168706 113 114 117 118 123
#168706 346 323 330 323 31 19 #168706 #168706 #168706 117 123 127
#168706 365 329 349 329 57 17 #168706 #168706 #168706 117 121 122 127
#C8B99B 211 330 194 330 61 16 #168706 #168706 #168706 116 125 126
#C8B99B 188 331 176 331 22 15 #168706 #168706 #168706 116 120 124
#C8B99B 282 333 255 333 47 13 #168706 #168706 #168706 124 128
#168706 327 339 309 339 41 7 #168706 #168706 #168706 122 123 128
#C8B99B 302 341 302 341 6 5 #168706 #168706 #168706 126 127
